Puzzle No.1 Example
1 0 0 5 0 0 0 0 3
0 3 7 0 0 1 0 0 4
0 0 0 0 0 2 0 0 0
0 0 0 0 9 4 0 0 0
0 0 4 0 0 0 0 3 2
0 0 0 3 2 5 0 0 0
0 0 0 0 0 0 2 0 0
7 4 0 0 0 0 0 0 0
8 0 0 0 0 3 1 0 0

Puzzle No.1 Solution
1 2 6 5 4 7 8 9 3
9 3 7 6 8 1 5 2 4
4 5 8 9 3 2 6 1 7
2 1 3 8 9 4 7 5 6
5 8 4 1 7 6 9 3 2
6 7 9 3 2 5 4 8 1
3 6 1 4 5 8 2 7 9
7 4 5 2 1 9 3 6 8
8 9 2 7 6 3 1 4 5

==========================

Puzzle No.2 Example
0 0 0 0 0 0 2 0 0
0 8 0 0 0 7 0 9 0
6 0 2 0 0 0 5 0 0
0 7 0 0 6 0 0 0 0
0 0 0 9 0 1 0 0 0
0 0 0 0 2 0 0 4 0
0 0 5 0 0 0 6 0 3
0 9 0 4 0 0 0 7 0
0 0 6 0 0 0 0 0 0


Puzzle No.2 Solution
9 5 7 6 1 3 2 8 4
4 8 3 2 5 7 1 9 6
6 1 2 8 4 9 5 3 7
1 7 8 3 6 4 9 5 2
5 2 4 9 7 1 3 6 8
3 6 9 5 2 8 7 4 1
8 4 5 7 9 2 6 1 3
2 9 1 4 3 6 8 7 5
7 3 6 1 8 5 4 2 9
